[-84.46401422488661, -29.98398361524007, 479.3892508198533;
 -97.91972028354598, -35.02597833800478, 425.6162564718747;
 -102.8488665856814, -59.36952197037465, 449.1171951791147;
 -104.7726336375073, -55.63385749535055, 434.1831625029362;
 -71.93641893972344, -50.21522763199482, 436.7278395881769;
 -58.20581342795607, -56.94617564176848, 449.7706558506316;
 -56.94432127775921, -50.62072561976313, 465.8923718526557;
 -30.05188197558599, -59.73101837482992, 478.2129882773137;
 -25.5237436069917, -60.99877814563008, 476.423044312424;
 -33.39963264238698, -69.02096436572177, 479.3812223717547;
 -27.62471897593079, -11.8684518815084, 469.7850276184251;
 -22.86359409767658, -5.101390688084403, 472.6016927478474;
 -22.46292999202765, 4.318493982029115, 475.1096112210034;
 -22.68856326091019, 14.03697057288178, 476.0797651508438;
 -24.5068296533858, 27.49024161365702, 477.3700716045141;
 -38.18762407286656, 28.06053326861867, 474.4586748933954;
 -47.18950108746213, 41.30462730563263, 482.8836145765499;
 -50.32060284918563, 53.7198496216193, 478.7773543700761;
 -67.83263124268755, 47.57283054673969, 480.3297112431281;
 -55.05146540079907, 54.25293027371495, 474.5339265915276;
 -39.71616706284682, 18.46926766645928, 461.9255293834588;
 -38.26269671829679, 32.21835287144113, 489.6670996110989;
 -68.8653417776989, 22.6384396720531, 397.7042295297851;
 -96.60843968254359, 37.62312075990796, 403.5410744216702;
 -106.0192358333838, 42.8777550251532, 417.7244249730189;
 -120.7906163388641, 100.5800316937545, 416.6814421395324;
 -116.7701945646449, 88.40659348086379, 418.0594181844762;
 -106.4572444433629, 86.99195592708797, 419.2830122996531;
 -65.1528043458965, 61.71281871047653, 432.492052013007;
 -63.60113796090224, 57.64998662093377, 435.968664523974;
 -73.96109762120157, 58.34489156237016, 428.3404031597781;
 -105.3497943487087, 37.1585283541021, 427.279614379118;
 -118.1096170656959, 33.84839081959949, 431.5487921295515;
 -126.1030629126367, -35.65279548587102, 443.6701807224538;
 -124.0811180366573, -43.55162446634776, 448.7482734499683;
 -123.7376379182683, -54.24499698853764, 451.3402602780017;
 -79.17164752438167, -46.86530958748565, 467.6835877128449;
 -96.76952901735788, -49.95805880421472, 451.5206878120615;
 -100.3732713134351, -49.08530853927578, 447.6827053296001;
 -95.7268052276624, -41.22217131688212, 445.517874675173;
 -101.2953506630836, -38.0009704516976, 436.1106274625026;
 -96.89561738792669, -30.26317902017647, 435.6906619613263;
 -101.1456863928211, -25.38840551605438, 426.8888762484426;
 -44.59697341961089, -38.18948471920219, 435.5573478257493;
 -48.49836438382155, -36.56097727272648, 431.7106278119347;
 -54.24419890389056, -41.47628653355795, 433.3589864424824;
 -60.372131921338, -47.18673172042421, 434.6542771420656;
 -57.1596361639939, -53.25892252467292, 438.4297234722366;
 -53.50998638507876, -53.67686560670197, 439.0792314790356;
 -43.36385963054564, -37.91760993022822, 432.1877812645516;
 -40.96103647644117, -26.97381769907654, 429.7504825338606;
 -40.07903965517252, -10.70195125354415, 429.4064250454728;
 -34.9749640000394, 8.102960125427742, 424.3999887544402;
 -83.46166169621436, 52.59691954374895, 427.2464862316608;
 91.97419250106864, -19.175291779175, 446.7869618872047;
 87.67160274646805, -51.5608646539487, 444.0149319750541;
 67.61870874357629, -72.53038804980902, 458.4794593764403;
 53.66136589821926, -84.83260308533043, 475.8234224566357;
 -94.68215740075783, -10.56565357815637, 442.6019319450339;
 -96.66284956764103, -20.38211250742144, 445.3552643711081;
 -97.27571623729608, -24.7033096341192, 447.8210221277383;
 -95.04680298798363, -27.34679737094331, 448.6757282827923;
 -93.77323418016013, -23.03841315482936, 443.7144223189341;
 -95.42020904561457, -19.29474937818447, 427.9321185733355;
 -100.0249827249807, -17.07599179348921, 413.3586033514201;
 -102.1080401536635, -17.70950904996614, 404.2351853012889;
 -105.8617069507354, -17.58722119076638, 430.4357185174296;
 -99.93929370456897, -29.09257016763902, 447.5234537319572;
 -97.12641875947094, -35.30829434735921, 455.5072188691881;
 -101.723454933248, -46.26251719075775, 460.5052727718687;
 -108.8568479321052, -57.55369448833576, 464.896336508542;
 -121.4698956124366, -71.89330116085878, 470.098468495306;
 -134.4550143776255, -88.94544907196268, 475.433662545247;
 -116.8244542550069, -55.23561705161163, 457.1271279117595;
 103.9819103834343, -109.1704214895232, 511.5369757897843;
 101.9459994876334, -101.2517078153017, 494.9684203969592;
 114.23524325189, -105.693087986677, 506.7944312004004;
 128.9728525280664, -119.3734196413706, 519.058703538549;
 130.1820459288639, -121.855156741104, 520.1618771041216;
 -26.14795361069992, -53.86759778514163, 430.8122649260965;
 -28.67178339168701, -27.79113581071688, 427.6369280734048;
 83.18677260931479, -121.6947961546588, 480.4153501534936;
 78.55021687490853, -122.9866619889554, 476.0789544662134;
 92.61439532522485, -126.2156788490859, 491.1456288542356;
 -21.18794248303122, -62.5478568454047, 453.6491591968132;
 -22.06053391611379, -57.04999407611434, 452.6523308045342;
 -20.73760555372363, -54.3681394821087, 453.4740378330358;
 -21.82526707540009, -53.87129465331653, 452.8673831538018;
 -21.39152913109595, -45.67425052780216, 451.1851588050187;
 -21.06769384182547, -38.22713955935771, 450.5366501772379;
 -24.90709225614097, -30.25121510314398, 451.1958327874016;
 -27.06226610923846, -31.29723077785787, 450.3680730945721;
 142.5440239704797, -121.4016217233521, 512.2148907264202;
 143.5359518342342, -112.835924532708, 513.2028102219953;
 144.6510507971155, -111.8636735007343, 509.2203403171163;
 -2.214508027027066, -34.03889765812306, 448.7661317673589;
 159.9481291035475, -116.0477397364553, 504.6372633820146;
 161.3455050508557, -112.3479433934714, 501.3612557562376;
 161.9523453391863, -111.7605476004102, 497.7133014657696;
 -5.227977402499081, -34.5127110743497, 451.1575048199821;
 152.6363131403741, -117.8887025869917, 500.3227692912974;
 147.9419666210076, -113.010337334295, 502.7515829142825;
 150.6637181430253, -103.9721140589669, 494.4500350680098;
 -15.45461449883104, 3.547401936512068, 442.2441280988068;
 153.7699360448589, -60.08636773736447, 484.8123414459762;
 149.8910983464701, -54.22059079758765, 485.3641264384873;
 147.2611981933094, -38.31647644648827, 484.4741250215167;
 149.0320028155212, -38.78140367112132, 486.3175768341819;
 -19.73669445618631, 42.69220948923333, 447.3595560957696;
 -25.83618730247061, 46.57927092001488, 442.6527070902229;
 -24.71055565278081, 46.4098609726877, 443.7603824312734;
 -25.44150640367831, 45.58264185722381, 444.1445564779726;
 -22.09361072825002, 46.5252568121697, 459.0687207394479;
 -27.68118277308097, 56.06066325823981, 482.2341126940725;
 -33.78264768663554, 56.97593677861222, 482.8198570213333;
 -44.27531891727348, 56.2499435742033, 491.4140613907783;
 -66.21894569027283, 61.72853832061188, 484.9594975147854;
 -67.95956496330366, 61.19276354919159, 475.66099331232;
 -73.51093358629825, 56.00190981937757, 455.9098377657321;
 -83.13267247413128, 46.35335097803362, 433.5010364967753;
 -88.08661319362157, 38.96978606900579, 419.1093690622446;
 -89.42301474699664, 38.09590007408735, 405.5529596466545;
 -82.17975031091774, 42.40497034875707, 401.4629279022836;
 -77.78936443502838, 44.92933353396205, 401.4494597822462;
 -98.86390282768505, 37.41611939120597, 374.811467064592;
 -87.91500635052063, 36.17755731606005, 379.8154378444818;
 -86.08464496973521, 34.27253740919093, 383.9161618064837;
 -86.06659047391049, 58.40902124895187, 383.5905026733374;
 -61.19575958102242, 54.1723589340236, 387.5635886467076;
 -61.20023365825048, 57.59463024883335, 409.1546392552485;
 31.47281674423755, -18.46150838247576, 531.5636643176956;
 14.79897112824582, -38.59064274871057, 543.5532874230279;
 15.15769817148119, -31.70124595537539, 547.1218890626843;
 12.99163292236095, -31.65245859005993, 558.4947107173233;
 14.34126854236351, -32.79273225026575, 558.3647150948492;
 17.54462314673282, -25.36132909023564, 542.2198079001295;
 17.22993357312332, -38.52577075287307, 506.6171969294;
 23.98660265841581, -83.49045082289295, 498.5223732629761;
 37.77665948867041, -81.87899102656336, 487.8009876345094;
 53.17541688854169, -78.24413047531964, 481.6293725118945;
 57.62189512266064, -74.29841342936814, 465.3310923335682;
 55.24003007580458, -77.00460325906357, 455.1535068411706;
 108.8335925139879, -60.09997000532285, 478.5650330355332;
 136.5089270620606, -53.06131940499674, 485.4609935357216;
 132.406600985556, -74.58814518275874, 503.4301663503544;
 -105.8592307548394, 31.51576142776312, 434.3140302019494;
 -110.2788766668517, 54.50270161636831, 437.1481710734964;
 -108.038222347682, 60.08996411724942, 414.7291493783675;
 -114.8229913469389, 64.8590623187948, 396.9017313513729;
 -116.435700407748, 72.06461205363499, 387.5927510526577;
 -102.7550839795253, 77.43987042183176, 381.1205028552369;
 -100.0820208439943, 80.35010104553062, 379.282001458921;
 74.73032723792129, 6.85523438340929, 411.9731411965438;
 68.16271213704078, -17.34436823942982, 412.6961854871601;
 46.5761699242604, -67.50964346264325, 424.4468279819162;
 38.149641902242, -79.57251798353406, 438.0188512268988;
 45.74452049519989, -60.85975693560074, 434.8006595839765;
 67.00946721624086, -20.9042267936301, 467.5645749841733;
 89.98421232005057, 12.27897530038329, 513.1646187159987;
 -86.91124955887329, 91.91802244799347, 511.6647304629163;
 70.32639369309469, 30.30559588439186, 552.8088963317986;
 -138.257082673334, 95.38985127680073, 536.9136114760589;
 43.2384741742655, 24.86345704227207, 529.9928026854941;
 -134.8358035617531, 72.87113851688913, 528.0578937018649;
 -136.349405106128, 83.21995320576322, 537.2027108850763;
 -137.9810760994014, 82.04838592422766, 529.2803774790355;
 -146.4989836670195, 90.49464474062339, 529.7634047633236;
 -149.424434802849, 101.4863215301529, 544.8935753268087;
 24.08137745075077, 12.33273325372756, 540.4922623136951;
 -140.88594524932, 57.29812535082186, 518.261663089273;
 -133.4779795697421, 57.22113414186366, 515.5013387670768;
 -131.3299669047322, 51.15435014669992, 516.4258312645881;
 -126.2275226318193, 46.73511051472028, 515.0302070541617;
 -119.0946047800902, 42.08978460050788, 521.125211038458;
 -98.38834895086893, 43.64175718964116, 532.0086527244937;
 -86.75312886003795, 47.26463458856157, 535.0642439136232;
 -84.80961440654374, 102.6178082257592, 534.0625631040753;
 -85.2728286434604, 99.18792208440202, 524.3175170765027;
 -85.21175867201678, 98.28698969812518, 523.7578939092695;
 -86.46633858674858, 92.1980870330195, 520.9950008023213;
 -91.14527674962481, 79.21047013909349, 509.4331198235643;
 -87.60106527094692, 80.9986238272316, 505.416429967029;
 -81.53843577775302, 88.55310108618339, 509.0541997366383;
 -76.5983658867117, 88.93109566191123, 509.3308342515257;
 -66.18238259801201, 83.89313539378166, 515.7235457580267;
 -65.22336784084435, 72.80041693404131, 515.9547532360006;
 -64.49334906656823, 59.06973730354953, 512.0155907682581;
 -57.27274995113883, 42.41673468546354, 507.6179219394173;
 -50.66484126769241, 39.27721309180303, 507.7541440526539;
 -47.58728116824222, 35.16224480676387, 506.1513852043593;
 -45.13275557034315, 23.61544326031705, 509.9787382515924;
 -36.74153797463618, 11.27831595621292, 511.398940550038;
 -29.58539112203781, 6.780020309352453, 514.3453948920619;
 -48.64397818503502, 2.083977425115951, 508.3023931136609;
 -82.8409340990568, 29.17831979070187, 478.773920473046;
 -105.9366709828325, 25.34413822895776, 461.5339970811813;
 159.708328784941, -112.8117547808139, 539.0479896285514;
 158.8448621982913, -111.5063352957729, 539.3270928540336;
 161.4462071158666, -112.3059610289381, 540.667380370122;
 155.1467212494127, -111.1241257711329, 538.4285848065718;
 140.7658317705399, -110.3966231535245, 534.7833202435554;
 119.832774158396, -96.22010621768756, 537.2673256799729;
 76.19401324606254, -80.93559160080859, 518.4644023248412;
 -112.4136806948566, 22.5215958144476, 417.6068077260495;
 -115.1041489855849, 28.84508628313066, 406.2633280713483;
 -117.5542097705618, 29.83359093095816, 400.9663988155758;
 41.10799534387859, -111.4031709334066, 480.7992428160774;
 -87.166346902922, -25.01622283255593, 410.5377182617171;
 -58.31084923105752, -54.42806743245217, 446.7892966405687;
 -38.65877455138057, -66.45726508635084, 471.1661266827695;
 -39.24435293728287, -60.25193276767274, 478.0081646071354;
 -35.78130413626493, -51.48497430422048, 472.3541893165441;
 -38.72537664879329, -41.46393198717804, 481.3781816322585;
 -51.48307173635254, -20.00271675491043, 485.99855821019;
 -69.26680220920015, 0.2331391339614779, 496.7953713467962;
 -78.68138266048321, 6.520543350274034, 502.8356788886517;
 -90.09431956667849, 26.313567565532, 501.6053235096036;
 52.51168447306478, -60.64461924878196, 544.6968009805879;
 60.29115204728572, -56.32016852129664, 554.6154783225244;
 61.94995549650144, -64.78438470712727, 556.459742162402;
 -95.18388242035198, -27.88678235048803, 503.0321843750136;
 -81.27456853594347, -34.25625292775717, 503.3629786588666;
 -62.4956485552217, 4.098681455599001, 510.9973120363685;
 -52.39833187806506, 12.63054865899103, 510.8348517592846;
 -41.85767328479392, 19.59913405010842, 515.5270767346666;
 -47.37224537046522, 28.51098464310555, 521.3675631246058;
 -58.40914085733191, 50.88312021906023, 478.0891153242774;
 -68.24950300953086, 51.37274699175752, 481.7405429334983;
 -72.54014729979994, 52.12131362515535, 480.1950295946888;
 -65.03213813840749, 54.44432405657005, 472.2837735787729;
 -71.4671507903342, 47.82234431443382, 461.6464188488545;
 -81.40475361833403, 50.97105057520233, 466.8204760967816;
 -84.18073695258754, 44.01689276217036, 461.4167178064884;
 -101.5500136912301, 34.70683013071041, 454.7293136628248;
 -120.0316099465117, 27.33637669385701, 457.6749346120695;
 -126.6139048008886, -21.30163641915123, 452.7252873062142;
 -120.7652364372815, -28.24126029267959, 448.7338458834535;
 -116.2589044213742, -37.33920676233753, 451.7387870942578;
 -107.6913423471672, -51.50380452882611, 455.1028133273428;
 -105.5833445146591, -60.71798065369273, 452.2454745317076;
 -16.68683971933808, -127.4346083317097, 528.2382084939379;
 -25.85156658520736, -119.978650890678, 525.8873779010854;
 24.72655221814492, 46.54322102658167, 493.6165678139321;
 -7.431287502525625, 39.01800864701469, 501.4676129334186;
 -115.3847796994942, -142.1023677361034, 547.9918810663304;
 -31.68089575433888, -87.02183374019057, 509.1995834781294;
 -10.4741836665181, -98.05265877628072, 513.2571891006021;
 -12.02273484072618, -107.3291438384589, 515.2663684199168;
 -43.14303070964783, -108.4843192807201, 510.6336350719748;
 93.3567431181631, -82.772526880683, 500.7658282884993;
 77.7082507130557, -96.76877853416894, 489.7193356611979;
 81.67104452773839, -101.7967983417455, 407.8144816993047;
 78.81070711928378, -104.6003239025702, 410.2903158153616;
 21.89473887256059, -110.1632628429905, 425.638035655091;
 -3.758646297538728, -112.009085997729, 421.1778197392665;
 -38.08055807098204, -117.6780412719936, 430.952974860299;
 -125.8511574330587, -131.7179346195785, 497.3293965222813;
 -84.75931982487002, -136.1004263203022, 504.1158664863277;
 -84.95841125666961, -135.3692435081598, 533.6199580977064;
 -105.1008236069592, -130.9240862895548, 552.0002270461858;
 2.069114538420119, -68.31015253036503, 552.7423539565589;
 10.81537880937352, -66.73897806400922, 535.7883572590707;
 7.21595861573955, -63.73746354816632, 543.7980995024423;
 38.66374331589852, -98.87936482219641, 380.4316141456636;
 39.79073833425759, -99.83553504424009, 369.7276543032834;
 90.47672394422668, -52.22253972850982, 347.2965432077696;
 89.41807901707297, -55.56194432532197, 342.2484793915833;
 81.44636335589237, -54.6233546393155, 324.0826139956392;
 -74.85795008109349, -15.16361107904131, 332.2059468196991;
 97.1150058215258, -80.32425113342057, 356.7215558076136;
 105.2433523749423, -54.8493756579573, 386.1446801781198;
 103.5347483978378, -43.51790447399529, 389.8185405765357;
 92.4721828429058, -36.47907946346209, 416.6631599700185;
 82.93654659503943, -32.55534232092759, 428.7262976898959;
 72.9079697522178, -6.3163378311837, 378.6400256793511;
 95.48142388749086, -94.71508057739484, 365.916800584098;
 102.1193162853969, -76.77556021993617, 381.5582242973649;
 101.3845429511562, -70.17981244827661, 411.1305201265997;
 -86.00094250821991, 24.94112681348036, 395.8070272471205;
 -93.83226604146046, 41.22607000297459, 407.7132088105424;
 -95.20564932063215, 48.57992799436543, 414.5653640543074;
 57.81194912822284, -33.67392709644571, 492.5917806560032]